B11 = 0.3922815338
B12 = 0
B13 = 0

B21 = 0
B22 = 0
B23 = 0

B31 = 0
B32 = 0
B33 = 0.4294612271
