Fc1 = 0.1097172782*tanh(10.*dtheta1)

Fc2 = 0.08139217570*tanh(10.*dtheta2)

Fc3 = 0.09268757335*tanh(10.*dtheta3)