G1 = (0.2104096190*cos(theta2) - 0.2431651355 + (0.2446062828*sin(theta3) - 0.08135912659*cos(theta3) + 0.03931776739)*sin(theta2))*cos(theta1) + ((0.2446062828*sin(theta3) - 0.08135912659*cos(theta3) + 0.03931776739)*cos(theta2) - 0.2104096190*sin(theta2) + 0.009907625353)*sin(theta1)

G2 = (0.2104096190*cos(theta2) + (0.2446062828*sin(theta3) - 0.08135912659*cos(theta3) + 0.03931776739)*sin(theta2))*cos(theta1) + (0.2446062828*sin(theta3) - 0.08135912659*cos(theta3) + 0.03931776739)*cos(theta2)*sin(theta1) - 0.2104096190*sin(theta1)*sin(theta2)

G3 = -(0.08135912659*sin(theta3) + 0.2446062828*cos(theta3))*(cos(theta1)*cos(theta2) - 1*sin(theta1)*sin(theta2))])