Jm11 = 0.06027126545
Jm12 = 0
Jm13 = 0

Jm21 = 0
Jm22 = 0.1807066337
Jm23 = 0

Jm31 = 0
Jm32 = 0
Jm33 = 0.06194012468